93600 4817800 396.04
93625 4817800 390.32
93650 4817800 385.89
93675 4817800 382.58
93700 4817800 379.72
93725 4817800 378.69
93750 4817800 380.22
93775 4817800 387.36
93800 4817800 392.95
93825 4817800 385.82
93850 4817800 381.98
93875 4817800 377.4
93900 4817800 370.36
93925 4817800 361.88
93950 4817800 355.08
93975 4817800 347.13
94000 4817800 338.97
94025 4817800 330.15
94050 4817800 320.3
94075 4817800 308.67
94100 4817800 307.44
94125 4817800 307.43
94150 4817800 307.44
94175 4817800 307.45
94200 4817800 307.45
94225 4817800 307.46
94250 4817800 307.46
94275 4817800 307.47
94300 4817800 307.48
94325 4817800 307.48
94350 4817800 307.49
94375 4817800 307.49
94400 4817800 307.45
94425 4817800 310.8
94450 4817800 324.22
94475 4817800 335.7
94500 4817800 346.66
94525 4817800 356.92
94550 4817800 364.98
94575 4817800 373.05
94600 4817800 380.97
94625 4817800 389.8
94650 4817800 396.36
94675 4817800 403.78
94700 4817800 410.17
94725 4817800 416.19
94750 4817800 421.9
94775 4817800 426.81
94800 4817800 430.26
93600 4817825 404.67
93625 4817825 399.44
93650 4817825 395.35
93675 4817825 391.69
93700 4817825 389.01
93725 4817825 386.92
93750 4817825 387.24
93775 4817825 390.09
93800 4817825 400.06
93825 4817825 395.95
93850 4817825 393.28
93875 4817825 389.47
93900 4817825 381.7
93925 4817825 372.23
93950 4817825 362.81
93975 4817825 353.71
94000 4817825 345.55
94025 4817825 335.56
94050 4817825 326.08
94075 4817825 315.22
94100 4817825 307.03
94125 4817825 307.43
94150 4817825 307.44
94175 4817825 307.44
94200 4817825 307.45
94225 4817825 307.46
94250 4817825 307.46
94275 4817825 307.47
94300 4817825 307.48
94325 4817825 307.48
94350 4817825 307.49
94375 4817825 307.49
94400 4817825 307.51
94425 4817825 307.48
94450 4817825 320.22
94475 4817825 332.39
94500 4817825 342.04
94525 4817825 351.28
94550 4817825 359.2
94575 4817825 368.72
94600 4817825 375.15
94625 4817825 382.23
94650 4817825 390.17
94675 4817825 396.62
94700 4817825 403.1
94725 4817825 411.72
94750 4817825 419.29
94775 4817825 425.27
94800 4817825 430.03
93600 4817850 413.91
93625 4817850 408.75
93650 4817850 404.2
93675 4817850 400.9
93700 4817850 397.95
93725 4817850 395.61
93750 4817850 394.96
93775 4817850 395.72
93800 4817850 399.91
93825 4817850 402.16
93850 4817850 399.76
93875 4817850 396.1
93900 4817850 391.24
93925 4817850 382.14
93950 4817850 372.5
93975 4817850 361.3
94000 4817850 351.03
94025 4817850 341.23
94050 4817850 330.74
94075 4817850 320.25
94100 4817850 308.24
94125 4817850 307.43
94150 4817850 307.44
94175 4817850 307.44
94200 4817850 307.45
94225 4817850 307.46
94250 4817850 307.46
94275 4817850 307.47
94300 4817850 307.48
94325 4817850 307.48
94350 4817850 307.49
94375 4817850 307.49
94400 4817850 307.5
94425 4817850 307.24
94450 4817850 313.02
94475 4817850 324.69
94500 4817850 334.54
94525 4817850 343.2
94550 4817850 350.84
94575 4817850 356.19
94600 4817850 361.96
94625 4817850 369.43
94650 4817850 377.82
94675 4817850 385.3
94700 4817850 395.04
94725 4817850 402.59
94750 4817850 412.7
94775 4817850 421.52
94800 4817850 428.13
93600 4817875 423.11
93625 4817875 417.12
93650 4817875 412.76
93675 4817875 409.61
93700 4817875 407.53
93725 4817875 404.16
93750 4817875 402.92
93775 4817875 402.16
93800 4817875 403.71
93825 4817875 406.52
93850 4817875 405.92
93875 4817875 402.64
93900 4817875 399.14
93925 4817875 391.47
93950 4817875 380.18
93975 4817875 367.86
94000 4817875 357.16
94025 4817875 346.66
94050 4817875 335.75
94075 4817875 324.25
94100 4817875 312.45
94125 4817875 307.27
94150 4817875 307.44
94175 4817875 307.44
94200 4817875 307.45
94225 4817875 307.46
94250 4817875 307.46
94275 4817875 307.47
94300 4817875 307.48
94325 4817875 307.48
94350 4817875 307.49
94375 4817875 307.49
94400 4817875 307.5
94425 4817875 307.52
94450 4817875 307.07
94475 4817875 313.81
94500 4817875 324.58
94525 4817875 332.58
94550 4817875 334.55
94575 4817875 339.56
94600 4817875 349.52
94625 4817875 358.39
94650 4817875 368.52
94675 4817875 378.62
94700 4817875 387.02
94725 4817875 395.61
94750 4817875 404.62
94775 4817875 414.36
94800 4817875 423.57
93600 4817900 431.11
93625 4817900 428.51
93650 4817900 421.4
93675 4817900 418.23
93700 4817900 415.71
93725 4817900 412.98
93750 4817900 410.42
93775 4817900 409.17
93800 4817900 409.01
93825 4817900 410.66
93850 4817900 412.23
93875 4817900 409.22
93900 4817900 405.98
93925 4817900 400.17
93950 4817900 388.86
93975 4817900 377.58
94000 4817900 362.71
94025 4817900 351.95
94050 4817900 340.57
94075 4817900 328.84
94100 4817900 317.71
94125 4817900 307.32
94150 4817900 307.44
94175 4817900 307.44
94200 4817900 307.45
94225 4817900 307.46
94250 4817900 307.46
94275 4817900 307.47
94300 4817900 307.48
94325 4817900 307.48
94350 4817900 307.49
94375 4817900 307.49
94400 4817900 307.5
94425 4817900 307.51
94450 4817900 307.47
94475 4817900 307.33
94500 4817900 314.36
94525 4817900 316.7
94550 4817900 318.05
94575 4817900 325.1
94600 4817900 334.94
94625 4817900 348.06
94650 4817900 361.82
94675 4817900 368.96
94700 4817900 377.95
94725 4817900 387.19
94750 4817900 395.77
94775 4817900 406.55
94800 4817900 416.06
93600 4817925 437.77
93625 4817925 434.8
93650 4817925 429.67
93675 4817925 426.3
93700 4817925 423.54
93725 4817925 421.07
93750 4817925 418.9
93775 4817925 416.43
93800 4817925 415.76
93825 4817925 416.77
93850 4817925 417.99
93875 4817925 416.76
93900 4817925 413.51
93925 4817925 407.33
93950 4817925 399.89
93975 4817925 384.43
94000 4817925 370.88
94025 4817925 357.83
94050 4817925 347.15
94075 4817925 335.55
94100 4817925 323.06
94125 4817925 310.53
94150 4817925 307.4
94175 4817925 307.44
94200 4817925 307.45
94225 4817925 307.46
94250 4817925 307.46
94275 4817925 307.47
94300 4817925 307.48
94325 4817925 307.48
94350 4817925 307.49
94375 4817925 307.49
94400 4817925 307.5
94425 4817925 307.51
94450 4817925 307.46
94475 4817925 307.47
94500 4817925 307.19
94525 4817925 307.14
94550 4817925 307.24
94575 4817925 313.77
94600 4817925 326.15
94625 4817925 339.16
94650 4817925 348.68
94675 4817925 359.93
94700 4817925 369.86
94725 4817925 378.75
94750 4817925 389.86
94775 4817925 398.47
94800 4817925 408.36
93600 4817950 445.03
93625 4817950 442.96
93650 4817950 438.88
93675 4817950 434.39
93700 4817950 431.45
93725 4817950 428.42
93750 4817950 426.36
93775 4817950 424.46
93800 4817950 422.17
93825 4817950 421.86
93850 4817950 421.45
93875 4817950 420.23
93900 4817950 416.37
93925 4817950 410.4
93950 4817950 401.08
93975 4817950 389.93
94000 4817950 378.55
94025 4817950 368.05
94050 4817950 356.49
94075 4817950 341.98
94100 4817950 330.42
94125 4817950 318.48
94150 4817950 307.67
94175 4817950 307.44
94200 4817950 307.45
94225 4817950 307.46
94250 4817950 307.46
94275 4817950 307.47
94300 4817950 307.48
94325 4817950 307.48
94350 4817950 307.49
94375 4817950 307.49
94400 4817950 307.5
94425 4817950 307.51
94450 4817950 307.47
94475 4817950 307.47
94500 4817950 307.47
94525 4817950 307.48
94550 4817950 308.14
94575 4817950 319.95
94600 4817950 329.31
94625 4817950 334.76
94650 4817950 343.79
94675 4817950 351.3
94700 4817950 360.24
94725 4817950 370.48
94750 4817950 380.67
94775 4817950 391.33
94800 4817950 401.79
93600 4817975 451.33
93625 4817975 449.66
93650 4817975 447.83
93675 4817975 443.17
93700 4817975 439.36
93725 4817975 435.76
93750 4817975 432.99
93775 4817975 430.56
93800 4817975 429.84
93825 4817975 427.43
93850 4817975 425.42
93875 4817975 423.49
93900 4817975 419.79
93925 4817975 413.72
93950 4817975 405.99
93975 4817975 397.83
94000 4817975 387.42
94025 4817975 377.99
94050 4817975 368.07
94075 4817975 353.8
94100 4817975 338.54
94125 4817975 323.04
94150 4817975 309.65
94175 4817975 307.43
94200 4817975 307.45
94225 4817975 307.46
94250 4817975 307.46
94275 4817975 307.47
94300 4817975 307.48
94325 4817975 307.48
94350 4817975 307.49
94375 4817975 307.49
94400 4817975 307.5
94425 4817975 307.5
94450 4817975 307.47
94475 4817975 307.47
94500 4817975 307.47
94525 4817975 307.48
94550 4817975 307.6
94575 4817975 318.22
94600 4817975 334.34
94625 4817975 342.1
94650 4817975 345.61
94675 4817975 347.93
94700 4817975 355.02
94725 4817975 364.51
94750 4817975 375.43
94775 4817975 386.65
94800 4817975 396.51
93600 4818000 449.99
93625 4818000 451.94
93650 4818000 451.61
93675 4818000 451.21
93700 4818000 445.86
93725 4818000 443.04
93750 4818000 439.28
93775 4818000 436.37
93800 4818000 433.73
93825 4818000 434.21
93850 4818000 433.29
93875 4818000 427.45
93900 4818000 423.27
93925 4818000 417.77
93950 4818000 412.3
93975 4818000 403.64
94000 4818000 394.57
94025 4818000 384.45
94050 4818000 373.47
94075 4818000 360.25
94100 4818000 346.91
94125 4818000 330.97
94150 4818000 315.19
94175 4818000 307.43
94200 4818000 307.45
94225 4818000 307.45
94250 4818000 307.46
94275 4818000 307.47
94300 4818000 307.47
94325 4818000 307.48
94350 4818000 307.49
94375 4818000 307.49
94400 4818000 307.5
94425 4818000 307.5
94450 4818000 307.47
94475 4818000 307.47
94500 4818000 307.47
94525 4818000 307.51
94550 4818000 311.53
94575 4818000 318.44
94600 4818000 331.29
94625 4818000 341.64
94650 4818000 354.21
94675 4818000 361.04
94700 4818000 368.24
94725 4818000 370.96
94750 4818000 371.9
94775 4818000 381.95
94800 4818000 392.04
93600 4818025 441.95
93625 4818025 447.03
93650 4818025 452.14
93675 4818025 454.03
93700 4818025 452.32
93725 4818025 450.94
93750 4818025 445.17
93775 4818025 441.75
93800 4818025 438.97
93825 4818025 437.27
93850 4818025 434.99
93875 4818025 432.71
93900 4818025 428.41
93925 4818025 422.96
93950 4818025 416.79
93975 4818025 409.6
94000 4818025 401.04
94025 4818025 390.08
94050 4818025 379.77
94075 4818025 368.26
94100 4818025 352.24
94125 4818025 334.97
94150 4818025 320.07
94175 4818025 307.89
94200 4818025 307.45
94225 4818025 307.46
94250 4818025 307.46
94275 4818025 307.47
94300 4818025 307.47
94325 4818025 307.48
94350 4818025 307.49
94375 4818025 307.49
94400 4818025 307.5
94425 4818025 307.5
94450 4818025 307.47
94475 4818025 307.46
94500 4818025 307.69
94525 4818025 316.44
94550 4818025 327.02
94575 4818025 333.56
94600 4818025 336.9
94625 4818025 345.6
94650 4818025 353.34
94675 4818025 366.39
94700 4818025 376.11
94725 4818025 381.74
94750 4818025 382.62
94775 4818025 386.76
94800 4818025 391.94
93600 4818050 430.32
93625 4818050 440.32
93650 4818050 450.79
93675 4818050 456.14
93700 4818050 456.73
93725 4818050 454.39
93750 4818050 451.04
93775 4818050 446.85
93800 4818050 443.34
93825 4818050 440.65
93850 4818050 437.26
93875 4818050 434.95
93900 4818050 433.76
93925 4818050 427.36
93950 4818050 421.73
93975 4818050 412.05
94000 4818050 401.37
94025 4818050 391.92
94050 4818050 382.29
94075 4818050 374.92
94100 4818050 359.95
94125 4818050 340.72
94150 4818050 318.88
94175 4818050 309.45
94200 4818050 307.45
94225 4818050 307.45
94250 4818050 307.46
94275 4818050 307.47
94300 4818050 307.47
94325 4818050 307.48
94350 4818050 307.49
94375 4818050 307.49
94400 4818050 307.5
94425 4818050 307.5
94450 4818050 307.42
94475 4818050 309.54
94500 4818050 318.25
94525 4818050 328.67
94550 4818050 337.68
94575 4818050 346.29
94600 4818050 352.34
94625 4818050 357.84
94650 4818050 364.01
94675 4818050 370.2
94700 4818050 379.55
94725 4818050 388.13
94750 4818050 392.92
94775 4818050 395.71
94800 4818050 399.35
93600 4818075 418.77
93625 4818075 435.52
93650 4818075 449.17
93675 4818075 459.25
93700 4818075 461.22
93725 4818075 460.18
93750 4818075 455.26
93775 4818075 451.46
93800 4818075 447.74
93825 4818075 443.88
93850 4818075 439.86
93875 4818075 436.25
93900 4818075 432.98
93925 4818075 429.68
93950 4818075 422.2
93975 4818075 411.77
94000 4818075 400.44
94025 4818075 390.42
94050 4818075 381.19
94075 4818075 370.96
94100 4818075 360.21
94125 4818075 346.96
94150 4818075 326.76
94175 4818075 309.39
94200 4818075 307.45
94225 4818075 307.45
94250 4818075 307.46
94275 4818075 307.47
94300 4818075 307.47
94325 4818075 307.48
94350 4818075 307.48
94375 4818075 307.49
94400 4818075 307.5
94425 4818075 307.5
94450 4818075 307.27
94475 4818075 316.8
94500 4818075 325.96
94525 4818075 337.17
94550 4818075 347.07
94575 4818075 356.57
94600 4818075 366.3
94625 4818075 369.36
94650 4818075 374.09
94675 4818075 378.8
94700 4818075 384.57
94725 4818075 392.78
94750 4818075 399.68
94775 4818075 403.96
94800 4818075 407.3
93600 4818100 413.36
93625 4818100 427.52
93650 4818100 440.23
93675 4818100 456.87
93700 4818100 464.89
93725 4818100 465.1
93750 4818100 460.96
93775 4818100 456
93800 4818100 451.57
93825 4818100 447.14
93850 4818100 443.09
93875 4818100 439.32
93900 4818100 434.29
93925 4818100 426.53
93950 4818100 416.43
93975 4818100 407.03
94000 4818100 397.17
94025 4818100 388.34
94050 4818100 379.74
94075 4818100 368.77
94100 4818100 358.92
94125 4818100 342.96
94150 4818100 322.42
94175 4818100 307.46
94200 4818100 307.45
94225 4818100 307.45
94250 4818100 307.46
94275 4818100 307.47
94300 4818100 307.47
94325 4818100 307.48
94350 4818100 307.48
94375 4818100 307.49
94400 4818100 307.5
94425 4818100 307.5
94450 4818100 307.48
94475 4818100 309.6
94500 4818100 323.61
94525 4818100 340.59
94550 4818100 353.52
94575 4818100 365.16
94600 4818100 374.46
94625 4818100 380.31
94650 4818100 386.45
94675 4818100 388.96
94700 4818100 392.54
94725 4818100 398.46
94750 4818100 404.78
94775 4818100 410.88
94800 4818100 415.17
93600 4818125 403.79
93625 4818125 420.35
93650 4818125 435.08
93675 4818125 446.81
93700 4818125 456.49
93725 4818125 461.53
93750 4818125 462.36
93775 4818125 461.53
93800 4818125 456.82
93825 4818125 449.66
93850 4818125 444.22
93875 4818125 438.3
93900 4818125 432.83
93925 4818125 425.85
93950 4818125 417.48
93975 4818125 408.64
94000 4818125 400.12
94025 4818125 390.39
94050 4818125 378.94
94075 4818125 365.72
94100 4818125 352.28
94125 4818125 340.19
94150 4818125 324.41
94175 4818125 307.14
94200 4818125 307.45
94225 4818125 307.45
94250 4818125 307.46
94275 4818125 307.47
94300 4818125 307.47
94325 4818125 307.48
94350 4818125 307.48
94375 4818125 307.49
94400 4818125 307.5
94425 4818125 307.5
94450 4818125 307.46
94475 4818125 307.43
94500 4818125 321.33
94525 4818125 337.85
94550 4818125 355.1
94575 4818125 370.43
94600 4818125 381.2
94625 4818125 390.83
94650 4818125 395.86
94675 4818125 399.33
94700 4818125 402.49
94725 4818125 406.4
94750 4818125 411.63
94775 4818125 417.28
94800 4818125 421.9
93600 4818150 414.41
93625 4818150 421.18
93650 4818150 429.68
93675 4818150 439.88
93700 4818150 449.08
93725 4818150 454.58
93750 4818150 455.93
93775 4818150 454.14
93800 4818150 450.92
93825 4818150 448.1
93850 4818150 442.98
93875 4818150 437.58
93900 4818150 431.86
93925 4818150 425.22
93950 4818150 418.68
93975 4818150 412.26
94000 4818150 403.81
94025 4818150 392.53
94050 4818150 382.89
94075 4818150 371.63
94100 4818150 368.21
94125 4818150 350.84
94150 4818150 338.68
94175 4818150 322.5
94200 4818150 306.78
94225 4818150 307.44
94250 4818150 307.46
94275 4818150 307.47
94300 4818150 307.47
94325 4818150 307.48
94350 4818150 307.48
94375 4818150 307.49
94400 4818150 307.5
94425 4818150 307.5
94450 4818150 307.47
94475 4818150 307.46
94500 4818150 313.9
94525 4818150 331.68
94550 4818150 351.14
94575 4818150 368.32
94600 4818150 377.33
94625 4818150 393.26
94650 4818150 403.81
94675 4818150 408.76
94700 4818150 411.92
94725 4818150 415.98
94750 4818150 420.19
94775 4818150 424.23
94800 4818150 429.11
93600 4818175 396.98
93625 4818175 407.43
93650 4818175 421.74
93675 4818175 434.56
93700 4818175 444.3
93725 4818175 446.71
93750 4818175 447.11
93775 4818175 446.09
93800 4818175 444.31
93825 4818175 443.07
93850 4818175 441.38
93875 4818175 438.01
93900 4818175 434.8
93925 4818175 432.07
93950 4818175 425.52
93975 4818175 418.33
94000 4818175 412.41
94025 4818175 414.5
94050 4818175 395.41
94075 4818175 366.84
94100 4818175 349.05
94125 4818175 352.61
94150 4818175 344.23
94175 4818175 336.39
94200 4818175 326.22
94225 4818175 307.45
94250 4818175 307.46
94275 4818175 307.47
94300 4818175 307.47
94325 4818175 307.48
94350 4818175 307.48
94375 4818175 307.49
94400 4818175 307.49
94425 4818175 307.5
94450 4818175 307.48
94475 4818175 307.46
94500 4818175 308.36
94525 4818175 320.32
94550 4818175 346.25
94575 4818175 364.63
94600 4818175 376.69
94625 4818175 395.4
94650 4818175 407.2
94675 4818175 416.02
94700 4818175 422.11
94725 4818175 425.8
94750 4818175 429.59
94775 4818175 432.74
94800 4818175 436.68
93600 4818200 389.13
93625 4818200 411.97
93650 4818200 427.87
93675 4818200 435.71
93700 4818200 438.51
93725 4818200 438.22
93750 4818200 437.92
93775 4818200 436.92
93800 4818200 435.87
93825 4818200 434.74
93850 4818200 436.08
93875 4818200 435.27
93900 4818200 432.76
93925 4818200 429.63
93950 4818200 421.2
93975 4818200 412.42
94000 4818200 405.75
94025 4818200 397.02
94050 4818200 390.95
94075 4818200 378.44
94100 4818200 353.5
94125 4818200 317.34
94150 4818200 308.16
94175 4818200 314.11
94200 4818200 313.33
94225 4818200 307.52
94250 4818200 307.46
94275 4818200 307.46
94300 4818200 307.47
94325 4818200 307.48
94350 4818200 307.48
94375 4818200 307.49
94400 4818200 307.49
94425 4818200 307.51
94450 4818200 307.26
94475 4818200 306.25
94500 4818200 312.87
94525 4818200 319.13
94550 4818200 338.11
94575 4818200 357.39
94600 4818200 375.95
94625 4818200 393.22
94650 4818200 408.68
94675 4818200 421.94
94700 4818200 429.13
94725 4818200 434.82
94750 4818200 438.98
94775 4818200 442.81
94800 4818200 445.64
93600 4818225 406.5
93625 4818225 425.48
93650 4818225 430.82
93675 4818225 428.93
93700 4818225 429.4
93725 4818225 428.56
93750 4818225 428.21
93775 4818225 427.51
93800 4818225 425.88
93825 4818225 425.18
93850 4818225 428.88
93875 4818225 425.46
93900 4818225 424.63
93925 4818225 423.66
93950 4818225 416.19
93975 4818225 407.48
94000 4818225 393.27
94025 4818225 378.77
94050 4818225 369.18
94075 4818225 358.92
94100 4818225 347.43
94125 4818225 315.79
94150 4818225 293.88
94175 4818225 280.12
94200 4818225 315.44
94225 4818225 307.5
94250 4818225 309.86
94275 4818225 307.46
94300 4818225 307.47
94325 4818225 307.48
94350 4818225 307.48
94375 4818225 307.49
94400 4818225 307.55
94425 4818225 307.55
94450 4818225 314.14
94475 4818225 318.32
94500 4818225 323.32
94525 4818225 326.33
94550 4818225 333.31
94575 4818225 351.34
94600 4818225 369.98
94625 4818225 387.91
94650 4818225 405.95
94675 4818225 421.7
94700 4818225 433.49
94725 4818225 441.79
94750 4818225 447.49
94775 4818225 451.21
94800 4818225 454.23
93600 4818250 405.64
93625 4818250 414.37
93650 4818250 421.89
93675 4818250 416.08
93700 4818250 418.1
93725 4818250 417.61
93750 4818250 418.22
93775 4818250 418.01
93800 4818250 415.36
93825 4818250 413.4
93850 4818250 415.52
93875 4818250 413.84
93900 4818250 413.53
93925 4818250 410.74
93950 4818250 406.74
93975 4818250 401.55
94000 4818250 377.85
94025 4818250 365.25
94050 4818250 356.24
94075 4818250 336.68
94100 4818250 328.66
94125 4818250 299.2
94150 4818250 280.62
94175 4818250 258.66
94200 4818250 230.63
94225 4818250 232.92
94250 4818250 307.64
94275 4818250 307.5
94300 4818250 307.47
94325 4818250 307.48
94350 4818250 307.48
94375 4818250 307.49
94400 4818250 306.66
94425 4818250 314.61
94450 4818250 327.65
94475 4818250 337.76
94500 4818250 348.05
94525 4818250 347.65
94550 4818250 349.63
94575 4818250 358.49
94600 4818250 371.92
94625 4818250 385.7
94650 4818250 399.98
94675 4818250 416.55
94700 4818250 431.74
94725 4818250 444.54
94750 4818250 453.55
94775 4818250 458.63
94800 4818250 462.5
93600 4818275 387.93
93625 4818275 397.77
93650 4818275 401.54
93675 4818275 404.79
93700 4818275 405.85
93725 4818275 406
93750 4818275 405.95
93775 4818275 408.16
93800 4818275 402.46
93825 4818275 401.96
93850 4818275 402.95
93875 4818275 402.18
93900 4818275 401.37
93925 4818275 398.82
93950 4818275 393.64
93975 4818275 386.3
94000 4818275 369.73
94025 4818275 352.9
94050 4818275 337.52
94075 4818275 317.34
94100 4818275 283.67
94125 4818275 271.02
94150 4818275 262.57
94175 4818275 231.62
94200 4818275 222.58
94225 4818275 221.63
94250 4818275 250.31
94275 4818275 307.5
94300 4818275 307.47
94325 4818275 307.48
94350 4818275 307.48
94375 4818275 307.28
94400 4818275 310.38
94425 4818275 320.87
94450 4818275 336.44
94475 4818275 355.14
94500 4818275 366.23
94525 4818275 368.83
94550 4818275 368.43
94575 4818275 373.14
94600 4818275 382.79
94625 4818275 397.82
94650 4818275 409.92
94675 4818275 420.87
94700 4818275 433.83
94725 4818275 446.43
94750 4818275 458.6
94775 4818275 464.91
94800 4818275 468.23
93600 4818300 383.28
93625 4818300 389.37
93650 4818300 392.51
93675 4818300 393.7
93700 4818300 393.37
93725 4818300 395.17
93750 4818300 391.52
93775 4818300 392.03
93800 4818300 387.9
93825 4818300 390.16
93850 4818300 391.44
93875 4818300 390.63
93900 4818300 390.4
93925 4818300 388.17
93950 4818300 383.28
93975 4818300 374.35
94000 4818300 365.06
94025 4818300 346.76
94050 4818300 323.48
94075 4818300 301.64
94100 4818300 271.83
94125 4818300 248.04
94150 4818300 232.23
94175 4818300 219.85
94200 4818300 219.84
94225 4818300 236.72
94250 4818300 256.37
94275 4818300 312.3
94300 4818300 307.52
94325 4818300 307.48
94350 4818300 307.8
94375 4818300 315.07
94400 4818300 320.33
94425 4818300 332.15
94450 4818300 345.38
94475 4818300 362.34
94500 4818300 378.36
94525 4818300 386.89
94550 4818300 386.61
94575 4818300 390.1
94600 4818300 396.43
94625 4818300 407.81
94650 4818300 423.35
94675 4818300 433.35
94700 4818300 443.32
94725 4818300 454.04
94750 4818300 463.57
94775 4818300 470.82
94800 4818300 475.1
93600 4818325 377.72
93625 4818325 380.89
93650 4818325 382.01
93675 4818325 380.95
93700 4818325 378.77
93725 4818325 377.99
93750 4818325 377.66
93775 4818325 375.05
93800 4818325 375.28
93825 4818325 377.89
93850 4818325 377.33
93875 4818325 379.01
93900 4818325 377.99
93925 4818325 377.16
93950 4818325 373.32
93975 4818325 365.33
94000 4818325 355.39
94025 4818325 341.11
94050 4818325 311.65
94075 4818325 281.87
94100 4818325 247.2
94125 4818325 231.33
94150 4818325 220.16
94175 4818325 219.07
94200 4818325 231.31
94225 4818325 259.72
94250 4818325 273.72
94275 4818325 316.15
94300 4818325 307.51
94325 4818325 307.51
94350 4818325 315.09
94375 4818325 327.76
94400 4818325 339.32
94425 4818325 344.28
94450 4818325 357.48
94475 4818325 371.7
94500 4818325 389.07
94525 4818325 400.74
94550 4818325 403.6
94575 4818325 407.89
94600 4818325 413.61
94625 4818325 420.72
94650 4818325 432.05
94675 4818325 450.29
94700 4818325 457.08
94725 4818325 464.33
94750 4818325 473.65
94775 4818325 477.78
94800 4818325 482.97
93600 4818350 370.47
93625 4818350 368.8
93650 4818350 369.11
93675 4818350 365.58
93700 4818350 362.99
93725 4818350 363.7
93750 4818350 363
93775 4818350 362.04
93800 4818350 362.26
93825 4818350 364.07
93850 4818350 364.48
93875 4818350 364.27
93900 4818350 364.12
93925 4818350 364.64
93950 4818350 363.45
93975 4818350 356.82
94000 4818350 346.47
94025 4818350 323.08
94050 4818350 285.95
94075 4818350 261.47
94100 4818350 237.57
94125 4818350 218.79
94150 4818350 218.35
94175 4818350 235.97
94200 4818350 260.77
94225 4818350 276.81
94250 4818350 289.14
94275 4818350 316
94300 4818350 308.88
94325 4818350 316.45
94350 4818350 329.85
94375 4818350 341.98
94400 4818350 351.61
94425 4818350 362.22
94450 4818350 372.36
94475 4818350 388.8
94500 4818350 397.35
94525 4818350 411.65
94550 4818350 422
94575 4818350 426.09
94600 4818350 433.62
94625 4818350 437.27
94650 4818350 441.81
94675 4818350 454.83
94700 4818350 469.95
94725 4818350 474.96
94750 4818350 483.27
94775 4818350 490.26
94800 4818350 492.24
93600 4818375 356.49
93625 4818375 356.37
93650 4818375 354.61
93675 4818375 351.95
93700 4818375 346.9
93725 4818375 348.84
93750 4818375 347.69
93775 4818375 346
93800 4818375 347.63
93825 4818375 350.89
93850 4818375 350.78
93875 4818375 349.96
93900 4818375 350.35
93925 4818375 350.61
93950 4818375 348.57
93975 4818375 347.19
94000 4818375 336.97
94025 4818375 324.34
94050 4818375 299.63
94075 4818375 262.98
94100 4818375 225.84
94125 4818375 213.5
94150 4818375 216.96
94175 4818375 244.02
94200 4818375 266.46
94225 4818375 287.18
94250 4818375 304.59
94275 4818375 315.72
94300 4818375 323.6
94325 4818375 336.76
94350 4818375 343.41
94375 4818375 351.76
94400 4818375 374.01
94425 4818375 381.93
94450 4818375 392.11
94475 4818375 403.81
94500 4818375 418.56
94525 4818375 430.45
94550 4818375 441.66
94575 4818375 447.49
94600 4818375 450.76
94625 4818375 455.6
94650 4818375 454.98
94675 4818375 459.55
94700 4818375 469.31
94725 4818375 481.48
94750 4818375 489.63
94775 4818375 497.67
94800 4818375 502.53
93600 4818400 343.5
93625 4818400 343.31
93650 4818400 340.96
93675 4818400 338.93
93700 4818400 332.29
93725 4818400 332.79
93750 4818400 332.79
93775 4818400 330.56
93800 4818400 331.82
93825 4818400 326.36
93850 4818400 333.89
93875 4818400 335.97
93900 4818400 337.21
93925 4818400 337.41
93950 4818400 336.15
93975 4818400 332.24
94000 4818400 326.64
94025 4818400 307.32
94050 4818400 290.14
94075 4818400 256.84
94100 4818400 234.01
94125 4818400 211.78
94150 4818400 225.27
94175 4818400 248.69
94200 4818400 270.47
94225 4818400 292.54
94250 4818400 310.85
94275 4818400 323.74
94300 4818400 339.39
94325 4818400 344.59
94350 4818400 365.36
94375 4818400 379.4
94400 4818400 388.34
94425 4818400 410.75
94450 4818400 412.63
94475 4818400 421.91
94500 4818400 436.47
94525 4818400 447.46
94550 4818400 458.1
94575 4818400 464.17
94600 4818400 472.81
94625 4818400 475.6
94650 4818400 470.08
94675 4818400 470.66
94700 4818400 475.04
94725 4818400 483.19
94750 4818400 492.29
94775 4818400 499.51
94800 4818400 506.69
93600 4818425 323.64
93625 4818425 325.92
93650 4818425 327.55
93675 4818425 324.3
93700 4818425 316.61
93725 4818425 319.23
93750 4818425 319
93775 4818425 315.62
93800 4818425 309.71
93825 4818425 305.83
93850 4818425 315.57
93875 4818425 318.96
93900 4818425 319.07
93925 4818425 320.42
93950 4818425 321.11
93975 4818425 318.02
94000 4818425 311.31
94025 4818425 310.95
94050 4818425 286.35
94075 4818425 254.14
94100 4818425 224.51
94125 4818425 211.75
94150 4818425 228.18
94175 4818425 249.31
94200 4818425 276.98
94225 4818425 298.36
94250 4818425 316.1
94275 4818425 333.58
94300 4818425 345.94
94325 4818425 372.39
94350 4818425 393.56
94375 4818425 405.1
94400 4818425 402.63
94425 4818425 419.56
94450 4818425 433.37
94475 4818425 441.3
94500 4818425 451.66
94525 4818425 465.34
94550 4818425 475.13
94575 4818425 482.25
94600 4818425 486.61
94625 4818425 491.82
94650 4818425 485.5
94675 4818425 483.58
94700 4818425 486.57
94725 4818425 492.4
94750 4818425 497.14
94775 4818425 503.55
94800 4818425 509.9
93600 4818450 302.4
93625 4818450 304.78
93650 4818450 304.81
93675 4818450 303.36
93700 4818450 301.13
93725 4818450 306.32
93750 4818450 305.23
93775 4818450 294.3
93800 4818450 284.45
93825 4818450 288.33
93850 4818450 299.05
93875 4818450 293.09
93900 4818450 295.02
93925 4818450 302.07
93950 4818450 293.32
93975 4818450 285.62
94000 4818450 282.99
94025 4818450 278.95
94050 4818450 274.04
94075 4818450 261.95
94100 4818450 223.89
94125 4818450 211.8
94150 4818450 229.87
94175 4818450 252.97
94200 4818450 274.4
94225 4818450 296.13
94250 4818450 314.2
94275 4818450 338.19
94300 4818450 358.24
94325 4818450 382.01
94350 4818450 403.2
94375 4818450 411.99
94400 4818450 426.17
94425 4818450 431.25
94450 4818450 445.4
94475 4818450 458.89
94500 4818450 470.05
94525 4818450 480.22
94550 4818450 488.23
94575 4818450 496.58
94600 4818450 498.37
94625 4818450 501.86
94650 4818450 499.98
94675 4818450 496.14
94700 4818450 498.53
94725 4818450 502.23
94750 4818450 505.45
94775 4818450 509.34
94800 4818450 513.62
93600 4818475 275.5
93625 4818475 280.87
93650 4818475 281.46
93675 4818475 280.1
93700 4818475 282.68
93725 4818475 275.06
93750 4818475 292.48
93775 4818475 260.44
93800 4818475 266.43
93825 4818475 270.6
93850 4818475 272.06
93875 4818475 270.97
93900 4818475 267.55
93925 4818475 265.21
93950 4818475 259.19
93975 4818475 258.82
94000 4818475 259.55
94025 4818475 260.98
94050 4818475 255.07
94075 4818475 248.38
94100 4818475 216.29
94125 4818475 212.5
94150 4818475 231.21
94175 4818475 258.34
94200 4818475 279.88
94225 4818475 300.43
94250 4818475 318.47
94275 4818475 337.88
94300 4818475 358.55
94325 4818475 379.13
94350 4818475 404.71
94375 4818475 427.48
94400 4818475 443.22
94425 4818475 450.8
94450 4818475 456.87
94475 4818475 470.18
94500 4818475 481.86
94525 4818475 489.06
94550 4818475 496.69
94575 4818475 503.19
94600 4818475 506.72
94625 4818475 510.86
94650 4818475 510.67
94675 4818475 507.11
94700 4818475 509.45
94725 4818475 512.78
94750 4818475 514.17
94775 4818475 515.97
94800 4818475 519.21
93600 4818500 241.18
93625 4818500 245.26
93650 4818500 242.88
93675 4818500 245.16
93700 4818500 236.73
93725 4818500 232.18
93750 4818500 234.84
93775 4818500 235.86
93800 4818500 238.41
93825 4818500 253.67
93850 4818500 253.69
93875 4818500 255.26
93900 4818500 247.7
93925 4818500 237.06
93950 4818500 229.18
93975 4818500 227.53
94000 4818500 225.91
94025 4818500 221.44
94050 4818500 226.41
94075 4818500 222.58
94100 4818500 209.28
94125 4818500 213.32
94150 4818500 235.79
94175 4818500 262.34
94200 4818500 285.59
94225 4818500 305.43
94250 4818500 325.07
94275 4818500 345.39
94300 4818500 364.89
94325 4818500 387.71
94350 4818500 407.02
94375 4818500 438.99
94400 4818500 451.51
94425 4818500 462.85
94450 4818500 472.08
94475 4818500 478.23
94500 4818500 491.27
94525 4818500 498.4
94550 4818500 503.44
94575 4818500 508.35
94600 4818500 513.16
94625 4818500 518.99
94650 4818500 519.8
94675 4818500 518.28
94700 4818500 519.77
94725 4818500 521.5
94750 4818500 522.11
94775 4818500 523.34
94800 4818500 525.59
93600 4818525 206.61
93625 4818525 201.4
93650 4818525 198.84
93675 4818525 203.37
93700 4818525 200.82
93725 4818525 199.82
93750 4818525 204.42
93775 4818525 215.06
93800 4818525 217.29
93825 4818525 225.47
93850 4818525 227.78
93875 4818525 226.1
93900 4818525 225.37
93925 4818525 210.51
93950 4818525 206.63
93975 4818525 206.19
94000 4818525 209.02
94025 4818525 213.99
94050 4818525 211.89
94075 4818525 206.12
94100 4818525 208.68
94125 4818525 225.6
94150 4818525 248.77
94175 4818525 272.97
94200 4818525 290.38
94225 4818525 310.78
94250 4818525 334.53
94275 4818525 357.02
94300 4818525 376.87
94325 4818525 400.68
94350 4818525 419.35
94375 4818525 446.99
94400 4818525 460.29
94425 4818525 471.89
94450 4818525 482.52
94475 4818525 488.79
94500 4818525 494.36
94525 4818525 502.02
94550 4818525 509.27
94575 4818525 515.99
94600 4818525 520.24
94625 4818525 525.3
94650 4818525 527.3
94675 4818525 527.11
94700 4818525 526.2
94725 4818525 527.53
94750 4818525 528.9
94775 4818525 529.42
94800 4818525 532.19
93600 4818550 185.31
93625 4818550 174.95
93650 4818550 170.47
93675 4818550 169.88
93700 4818550 168.63
93725 4818550 177.38
93750 4818550 190.52
93775 4818550 195.63
93800 4818550 196.04
93825 4818550 198.83
93850 4818550 197.76
93875 4818550 198.73
93900 4818550 196.2
93925 4818550 197.67
93950 4818550 200.07
93975 4818550 202.74
94000 4818550 203.01
94025 4818550 204.26
94050 4818550 207.16
94075 4818550 214.74
94100 4818550 227.58
94125 4818550 243.57
94150 4818550 265.48
94175 4818550 279.73
94200 4818550 300.35
94225 4818550 320.62
94250 4818550 343.14
94275 4818550 365.42
94300 4818550 388.15
94325 4818550 408.78
94350 4818550 424.05
94375 4818550 453.23
94400 4818550 468.55
94425 4818550 478.49
94450 4818550 487.98
94475 4818550 493.47
94500 4818550 498.85
94525 4818550 505.13
94550 4818550 511.74
94575 4818550 517.9
94600 4818550 523.45
94625 4818550 526.32
94650 4818550 529.29
94675 4818550 531.89
94700 4818550 530.82
94725 4818550 530.95
94750 4818550 532.93
94775 4818550 535
94800 4818550 536.91
93600 4818575 160.61
93625 4818575 162.65
93650 4818575 164.59
93675 4818575 173.86
93700 4818575 177.19
93725 4818575 179.95
93750 4818575 179.05
93775 4818575 183.91
93800 4818575 187.49
93825 4818575 190.99
93850 4818575 192.82
93875 4818575 194.8
93900 4818575 196.6
93925 4818575 202.19
93950 4818575 204.91
93975 4818575 210.72
94000 4818575 216.76
94025 4818575 217.21
94050 4818575 222.45
94075 4818575 234.24
94100 4818575 246.27
94125 4818575 261.81
94150 4818575 275.28
94175 4818575 288.3
94200 4818575 314.46
94225 4818575 333.49
94250 4818575 352.31
94275 4818575 375.15
94300 4818575 401.73
94325 4818575 411.77
94350 4818575 410.57
94375 4818575 426.97
94400 4818575 469.23
94425 4818575 485.13
94450 4818575 491.9
94475 4818575 496.17
94500 4818575 501.07
94525 4818575 506.29
94550 4818575 511.95
94575 4818575 517.41
94600 4818575 522.38
94625 4818575 525.66
94650 4818575 529.3
94675 4818575 531.2
94700 4818575 532.22
94725 4818575 532.76
94750 4818575 535.14
94775 4818575 538.52
94800 4818575 541.16
93600 4818600 167.13
93625 4818600 178.98
93650 4818600 195.31
93675 4818600 195.14
93700 4818600 198.24
93725 4818600 199.18
93750 4818600 196.96
93775 4818600 188.25
93800 4818600 188.88
93825 4818600 191.22
93850 4818600 193.55
93875 4818600 201.6
93900 4818600 209
93925 4818600 218.81
93950 4818600 227.71
93975 4818600 235.27
94000 4818600 238.26
94025 4818600 242.26
94050 4818600 245.54
94075 4818600 249.45
94100 4818600 261.74
94125 4818600 273.31
94150 4818600 287.37
94175 4818600 306.85
94200 4818600 325.08
94225 4818600 344.71
94250 4818600 361.51
94275 4818600 386.87
94300 4818600 411.38
94325 4818600 411.48
94350 4818600 412.35
94375 4818600 443.54
94400 4818600 476.68
94425 4818600 489.24
94450 4818600 494.06
94475 4818600 497.92
94500 4818600 501.85
94525 4818600 506.08
94550 4818600 510.31
94575 4818600 514.96
94600 4818600 520.07
94625 4818600 523.06
94650 4818600 525.56
94675 4818600 527.85
94700 4818600 529.67
94725 4818600 532.35
94750 4818600 535.83
94775 4818600 540.9
94800 4818600 544
93600 4818625 194.39
93625 4818625 203.13
93650 4818625 214.08
93675 4818625 220.33
93700 4818625 225.05
93725 4818625 224.92
93750 4818625 220.85
93775 4818625 215.85
93800 4818625 208.24
93825 4818625 212.35
93850 4818625 212.83
93875 4818625 218.59
93900 4818625 231.58
93925 4818625 242.61
93950 4818625 250.81
93975 4818625 257.03
94000 4818625 262.34
94025 4818625 268.53
94050 4818625 271.49
94075 4818625 271.17
94100 4818625 272.72
94125 4818625 283.8
94150 4818625 300.78
94175 4818625 315.58
94200 4818625 338.38
94225 4818625 356.64
94250 4818625 377.41
94275 4818625 395.22
94300 4818625 414.39
94325 4818625 411.92
94350 4818625 426.17
94375 4818625 450.62
94400 4818625 477.28
94425 4818625 488.25
94450 4818625 493.2
94475 4818625 498.6
94500 4818625 501.95
94525 4818625 505.01
94550 4818625 508.87
94575 4818625 512.9
94600 4818625 516.52
94625 4818625 520.47
94650 4818625 521.85
94675 4818625 523.76
94700 4818625 525.6
94725 4818625 529.35
94750 4818625 533.35
94775 4818625 538.56
94800 4818625 542.97
93600 4818650 215.97
93625 4818650 229.62
93650 4818650 236.73
93675 4818650 240.12
93700 4818650 246.24
93725 4818650 251.22
93750 4818650 247.23
93775 4818650 247.69
93800 4818650 246.06
93825 4818650 245.24
93850 4818650 248.34
93875 4818650 255.07
93900 4818650 263.35
93925 4818650 271.87
93950 4818650 281.44
93975 4818650 287.98
94000 4818650 295.27
94025 4818650 296.14
94050 4818650 297.84
94075 4818650 294.73
94100 4818650 290.77
94125 4818650 295.37
94150 4818650 308.11
94175 4818650 328.73
94200 4818650 351.55
94225 4818650 370.36
94250 4818650 385.28
94275 4818650 404.57
94300 4818650 413.12
94325 4818650 411.63
94350 4818650 440.11
94375 4818650 460.97
94400 4818650 480.83
94425 4818650 485.46
94450 4818650 491.92
94475 4818650 496.84
94500 4818650 499.59
94525 4818650 502.9
94550 4818650 506.86
94575 4818650 511.26
94600 4818650 514.57
94625 4818650 518.44
94650 4818650 518.66
94675 4818650 519.17
94700 4818650 521.98
94725 4818650 525.61
94750 4818650 529.54
94775 4818650 534.58
94800 4818650 538.72
93600 4818675 234.71
93625 4818675 241.05
93650 4818675 255.59
93675 4818675 264.97
93700 4818675 273.97
93725 4818675 273.36
93750 4818675 262.91
93775 4818675 266.82
93800 4818675 273.19
93825 4818675 276.87
93850 4818675 281.09
93875 4818675 287.43
93900 4818675 295.95
93925 4818675 305.53
93950 4818675 316.15
93975 4818675 321.37
94000 4818675 322.24
94025 4818675 323.14
94050 4818675 323.61
94075 4818675 321.81
94100 4818675 319.96
94125 4818675 316.34
94150 4818675 319.71
94175 4818675 330.36
94200 4818675 350.72
94225 4818675 372.14
94250 4818675 394.32
94275 4818675 411.14
94300 4818675 412.92
94325 4818675 412.19
94350 4818675 447.2
94375 4818675 465.15
94400 4818675 477.53
94425 4818675 483.15
94450 4818675 488.44
94475 4818675 492.22
94500 4818675 496.53
94525 4818675 500.09
94550 4818675 504.36
94575 4818675 509
94600 4818675 510.64
94625 4818675 513.4
94650 4818675 516.05
94675 4818675 515.34
94700 4818675 516.6
94725 4818675 518.75
94750 4818675 524.35
94775 4818675 528.4
94800 4818675 532.86
93600 4818700 260.5
93625 4818700 261.62
93650 4818700 269.45
93675 4818700 282.73
93700 4818700 294.2
93725 4818700 297.47
93750 4818700 294.8
93775 4818700 282.76
93800 4818700 295.04
93825 4818700 302.18
93850 4818700 305.42
93875 4818700 312.23
93900 4818700 324.33
93925 4818700 334.01
93950 4818700 339.85
93975 4818700 342.9
94000 4818700 345.87
94025 4818700 347.53
94050 4818700 349
94075 4818700 349.75
94100 4818700 350.53
94125 4818700 347.85
94150 4818700 347.1
94175 4818700 347.64
94200 4818700 354.98
94225 4818700 370.63
94250 4818700 389.15
94275 4818700 407.88
94300 4818700 413.94
94325 4818700 414.46
94350 4818700 449.37
94375 4818700 467.77
94400 4818700 474.06
94425 4818700 479.82
94450 4818700 485.09
94475 4818700 489.33
94500 4818700 492.58
94525 4818700 496.4
94550 4818700 500.46
94575 4818700 504.13
94600 4818700 506.47
94625 4818700 508.18
94650 4818700 508.82
94675 4818700 511.03
94700 4818700 511.4
94725 4818700 513.6
94750 4818700 517.46
94775 4818700 522.54
94800 4818700 525.59
93600 4818725 287.94
93625 4818725 288.82
93650 4818725 287.83
93675 4818725 291.63
93700 4818725 315.61
93725 4818725 324.07
93750 4818725 324.5
93775 4818725 321.57
93800 4818725 310.34
93825 4818725 319.28
93850 4818725 333.58
93875 4818725 339.06
93900 4818725 349.26
93925 4818725 352.54
93950 4818725 357.5
93975 4818725 361.39
94000 4818725 368.37
94025 4818725 368.49
94050 4818725 367.57
94075 4818725 369.04
94100 4818725 371.64
94125 4818725 373.27
94150 4818725 374.92
94175 4818725 383.73
94200 4818725 390.56
94225 4818725 397.37
94250 4818725 402.76
94275 4818725 412.86
94300 4818725 426.4
94325 4818725 439.73
94350 4818725 458.88
94375 4818725 465.28
94400 4818725 470.92
94425 4818725 477.35
94450 4818725 483.4
94475 4818725 486.55
94500 4818725 489.82
94525 4818725 493.06
94550 4818725 496.12
94575 4818725 499.28
94600 4818725 501.84
94625 4818725 504.08
94650 4818725 504.78
94675 4818725 506.73
94700 4818725 507.5
94725 4818725 508.69
94750 4818725 511.43
94775 4818725 514.75
94800 4818725 518.17
93600 4818750 311.29
93625 4818750 312.63
93650 4818750 315.93
93675 4818750 321.52
93700 4818750 335.42
93725 4818750 344.42
93750 4818750 354.76
93775 4818750 353.33
93800 4818750 352.1
93825 4818750 353.39
93850 4818750 354.45
93875 4818750 369.37
93900 4818750 375.14
93925 4818750 378.6
93950 4818750 386.13
93975 4818750 387.71
94000 4818750 387.76
94025 4818750 390.15
94050 4818750 390.42
94075 4818750 389.78
94100 4818750 393.06
94125 4818750 399.28
94150 4818750 400.77
94175 4818750 407.24
94200 4818750 413.63
94225 4818750 422.45
94250 4818750 431.02
94275 4818750 442.39
94300 4818750 451.12
94325 4818750 461.08
94350 4818750 467.48
94375 4818750 470.87
94400 4818750 470.44
94425 4818750 472.38
94450 4818750 480.14
94475 4818750 483.59
94500 4818750 485.95
94525 4818750 489.26
94550 4818750 491.89
94575 4818750 494.94
94600 4818750 496.83
94625 4818750 499.64
94650 4818750 501.1
94675 4818750 502.67
94700 4818750 503.43
94725 4818750 505.57
94750 4818750 506.41
94775 4818750 508.8
94800 4818750 512.65
93600 4818775 339.71
93625 4818775 346.15
93650 4818775 353.33
93675 4818775 358.25
93700 4818775 355.43
93725 4818775 365.05
93750 4818775 372.44
93775 4818775 377.04
93800 4818775 379.99
93825 4818775 382.67
93850 4818775 388.6
93875 4818775 393.45
93900 4818775 398.63
93925 4818775 401.28
93950 4818775 402.73
93975 4818775 404.9
94000 4818775 406.24
94025 4818775 407.45
94050 4818775 409.04
94075 4818775 411.83
94100 4818775 418.06
94125 4818775 420.07
94150 4818775 425.11
94175 4818775 431.33
94200 4818775 437.47
94225 4818775 443.69
94250 4818775 452.77
94275 4818775 458.3
94300 4818775 464.11
94325 4818775 469.61
94350 4818775 472.82
94375 4818775 476.76
94400 4818775 477.08
94425 4818775 475.36
94450 4818775 475.97
94475 4818775 479.21
94500 4818775 483.34
94525 4818775 485.39
94550 4818775 488.75
94575 4818775 491.64
94600 4818775 493.36
94625 4818775 495.66
94650 4818775 497.5
94675 4818775 498.35
94700 4818775 499.88
94725 4818775 501.52
94750 4818775 502.83
94775 4818775 505.04
94800 4818775 507.76
93600 4818800 364.18
93625 4818800 373.35
93650 4818800 378.71
93675 4818800 387.9
93700 4818800 392.69
93725 4818800 391.91
93750 4818800 392.16
93775 4818800 395.85
93800 4818800 403.84
93825 4818800 406.57
93850 4818800 410.49
93875 4818800 412.7
93900 4818800 418.23
93925 4818800 420.68
93950 4818800 420.38
93975 4818800 422.62
94000 4818800 423.45
94025 4818800 426.05
94050 4818800 428.44
94075 4818800 429.78
94100 4818800 435.69
94125 4818800 438.52
94150 4818800 442.19
94175 4818800 449.99
94200 4818800 453.16
94225 4818800 460
94250 4818800 467.75
94275 4818800 472.51
94300 4818800 472.55
94325 4818800 475.08
94350 4818800 476.24
94375 4818800 478.27
94400 4818800 480.52
94425 4818800 481.15
94450 4818800 481.85
94475 4818800 482.83
94500 4818800 480.7
94525 4818800 481.19
94550 4818800 486.19
94575 4818800 488.24
94600 4818800 490.68
94625 4818800 492.87
94650 4818800 494.34
94675 4818800 495.95
94700 4818800 497.22
94725 4818800 499.78
94750 4818800 500.87
94775 4818800 501.3
94800 4818800 502.92
93600 4818825 384.33
93625 4818825 391.03
93650 4818825 399.76
93675 4818825 405.28
93700 4818825 412.49
93725 4818825 418.77
93750 4818825 423.3
93775 4818825 424.34
93800 4818825 423.49
93825 4818825 427.05
93850 4818825 433.45
93875 4818825 432.22
93900 4818825 436.88
93925 4818825 438.62
93950 4818825 439.85
93975 4818825 444.34
94000 4818825 448.28
94025 4818825 450.15
94050 4818825 451.24
94075 4818825 454.36
94100 4818825 458.28
94125 4818825 460.8
94150 4818825 463.09
94175 4818825 466.26
94200 4818825 470.8
94225 4818825 477.21
94250 4818825 478.82
94275 4818825 478.59
94300 4818825 478.47
94325 4818825 480.23
94350 4818825 481.73
94375 4818825 482.26
94400 4818825 483.49
94425 4818825 484.26
94450 4818825 484.58
94475 4818825 485.56
94500 4818825 484.76
94525 4818825 484.04
94550 4818825 484.64
94575 4818825 487.19
94600 4818825 488.98
94625 4818825 490.79
94650 4818825 492.45
94675 4818825 494.2
94700 4818825 496.79
94725 4818825 498.09
94750 4818825 498.12
94775 4818825 499.17
94800 4818825 500.18
93600 4818850 414.01
93625 4818850 417.58
93650 4818850 424.58
93675 4818850 428.65
93700 4818850 435.51
93725 4818850 435.77
93750 4818850 438.75
93775 4818850 441.11
93800 4818850 443.41
93825 4818850 447.71
93850 4818850 451.75
93875 4818850 453.91
93900 4818850 454.6
93925 4818850 457.59
93950 4818850 459.98
93975 4818850 462.45
94000 4818850 464
94025 4818850 465.91
94050 4818850 467.94
94075 4818850 470.9
94100 4818850 472.18
94125 4818850 471.94
94150 4818850 473.26
94175 4818850 477.64
94200 4818850 479.95
94225 4818850 480.46
94250 4818850 480.67
94275 4818850 481.35
94300 4818850 482.42
94325 4818850 484.08
94350 4818850 485.52
94375 4818850 486.8
94400 4818850 487.83
94425 4818850 488.48
94450 4818850 487.64
94475 4818850 487.52
94500 4818850 486.71
94525 4818850 486.35
94550 4818850 485.76
94575 4818850 485.6
94600 4818850 486.61
94625 4818850 488.45
94650 4818850 489.87
94675 4818850 491.99
94700 4818850 494.12
94725 4818850 495.64
94750 4818850 495.78
94775 4818850 496.26
94800 4818850 496.69
93600 4818875 431.56
93625 4818875 436.94
93650 4818875 442.37
93675 4818875 447.01
93700 4818875 450.42
93725 4818875 452.41
93750 4818875 453.37
93775 4818875 455.77
93800 4818875 457.43
93825 4818875 458.89
93850 4818875 461.27
93875 4818875 464.45
93900 4818875 467.94
93925 4818875 470.39
93950 4818875 472.74
93975 4818875 473.38
94000 4818875 474.17
94025 4818875 474.29
94050 4818875 475.27
94075 4818875 478.3
94100 4818875 478.63
94125 4818875 479.8
94150 4818875 480.14
94175 4818875 483.26
94200 4818875 486.66
94225 4818875 485.93
94250 4818875 486.21
94275 4818875 487.32
94300 4818875 488.64
94325 4818875 489.27
94350 4818875 490.11
94375 4818875 491.45
94400 4818875 491.17
94425 4818875 490.99
94450 4818875 490.23
94475 4818875 490.1
94500 4818875 489.02
94525 4818875 488.52
94550 4818875 488.44
94575 4818875 488.51
94600 4818875 488.21
94625 4818875 487.92
94650 4818875 487.86
94675 4818875 488.24
94700 4818875 488.77
94725 4818875 490.82
94750 4818875 492.6
94775 4818875 490.95
94800 4818875 491.38
93600 4818900 449.84
93625 4818900 452.08
93650 4818900 455.17
93675 4818900 458.4
93700 4818900 462.21
93725 4818900 466.27
93750 4818900 466.61
93775 4818900 467.74
93800 4818900 469.18
93825 4818900 470.73
93850 4818900 471.52
93875 4818900 474.81
93900 4818900 478.66
93925 4818900 484.61
93950 4818900 487.76
93975 4818900 485.61
94000 4818900 482.33
94025 4818900 481.4
94050 4818900 482.92
94075 4818900 482.23
94100 4818900 485.02
94125 4818900 485.95
94150 4818900 488.56
94175 4818900 489.74
94200 4818900 492.94
94225 4818900 493.38
94250 4818900 493.95
94275 4818900 494.6
94300 4818900 494.55
94325 4818900 495.58
94350 4818900 495.82
94375 4818900 496.18
94400 4818900 495.77
94425 4818900 495.35
94450 4818900 494.29
94475 4818900 492.52
94500 4818900 492.07
94525 4818900 491.61
94550 4818900 492.45
94575 4818900 491.85
94600 4818900 490.79
94625 4818900 489.92
94650 4818900 490.1
94675 4818900 489.93
94700 4818900 490.21
94725 4818900 489.95
94750 4818900 490.17
94775 4818900 490.98
94800 4818900 492
93600 4818925 463.75
93625 4818925 464.21
93650 4818925 466.35
93675 4818925 468.72
93700 4818925 472.6
93725 4818925 475.63
93750 4818925 477.29
93775 4818925 478.45
93800 4818925 478.89
93825 4818925 479.6
93850 4818925 480.78
93875 4818925 483.2
93900 4818925 487.06
93925 4818925 491.86
93950 4818925 494.67
93975 4818925 494.4
94000 4818925 488.4
94025 4818925 488.66
94050 4818925 489.13
94075 4818925 488.07
94100 4818925 491.44
94125 4818925 495.52
94150 4818925 496.18
94175 4818925 497.63
94200 4818925 500.85
94225 4818925 501.65
94250 4818925 500.28
94275 4818925 501.13
94300 4818925 501.76
94325 4818925 500.8
94350 4818925 501.93
94375 4818925 501.06
94400 4818925 500.78
94425 4818925 500.07
94450 4818925 498.11
94475 4818925 496.07
94500 4818925 494.47
94525 4818925 493.45
94550 4818925 493.96
94575 4818925 494.64
94600 4818925 493.94
94625 4818925 493.1
94650 4818925 491.85
94675 4818925 491.72
94700 4818925 492.02
94725 4818925 492.5
94750 4818925 492.57
94775 4818925 492.48
94800 4818925 493.03
93600 4818950 466.37
93625 4818950 472.19
93650 4818950 476
93675 4818950 477.83
93700 4818950 481.15
93725 4818950 485.31
93750 4818950 486.65
93775 4818950 486.27
93800 4818950 486.07
93825 4818950 486.44
93850 4818950 488.04
93875 4818950 489.31
93900 4818950 491.94
93925 4818950 495.4
93950 4818950 497.08
93975 4818950 497.28
94000 4818950 495.11
94025 4818950 494.27
94050 4818950 496.28
94075 4818950 495.74
94100 4818950 494.91
94125 4818950 499.42
94150 4818950 502.37
94175 4818950 503.88
94200 4818950 506.25
94225 4818950 507.27
94250 4818950 507.6
94275 4818950 507.74
94300 4818950 508.92
94325 4818950 507.72
94350 4818950 507.96
94375 4818950 505.71
94400 4818950 504.83
94425 4818950 504.22
94450 4818950 502.12
94475 4818950 500.27
94500 4818950 497.58
94525 4818950 495.96
94550 4818950 497.57
94575 4818950 499.09
94600 4818950 497.52
94625 4818950 495.06
94650 4818950 493.39
94675 4818950 494.25
94700 4818950 495.42
94725 4818950 495.74
94750 4818950 495.82
94775 4818950 494.76
94800 4818950 494.72
93600 4818975 464.18
93625 4818975 479.3
93650 4818975 486.97
93675 4818975 485.24
93700 4818975 485.99
93725 4818975 487.99
93750 4818975 491.01
93775 4818975 492.13
93800 4818975 491.7
93825 4818975 490.91
93850 4818975 491.71
93875 4818975 493.22
93900 4818975 496.01
93925 4818975 499.07
93950 4818975 501.26
93975 4818975 500.43
94000 4818975 499.64
94025 4818975 499.63
94050 4818975 500.65
94075 4818975 501.12
94100 4818975 497.91
94125 4818975 503.24
94150 4818975 506.73
94175 4818975 509.54
94200 4818975 510.46
94225 4818975 512.32
94250 4818975 513.3
94275 4818975 513.69
94300 4818975 513.77
94325 4818975 513.43
94350 4818975 512.49
94375 4818975 510.16
94400 4818975 508.78
94425 4818975 507.02
94450 4818975 506.61
94475 4818975 505.27
94500 4818975 502.48
94525 4818975 501.11
94550 4818975 501.72
94575 4818975 502.29
94600 4818975 500.05
94625 4818975 497.27
94650 4818975 497.96
94675 4818975 499.53
94700 4818975 500.66
94725 4818975 501.54
94750 4818975 501.35
94775 4818975 500.26
94800 4818975 499.11
93600 4819000 453.51
93625 4819000 461.85
93650 4819000 470.46
93675 4819000 478.91
93700 4819000 482.75
93725 4819000 486.55
93750 4819000 489.89
93775 4819000 492.48
93800 4819000 493.07
93825 4819000 492.68
93850 4819000 493.73
93875 4819000 495.05
93900 4819000 497.21
93925 4819000 500.12
93950 4819000 501.68
93975 4819000 502.85
94000 4819000 502.92
94025 4819000 503.08
94050 4819000 502.75
94075 4819000 502.31
94100 4819000 498.5
94125 4819000 503.97
94150 4819000 508.34
94175 4819000 510.82
94200 4819000 512.51
94225 4819000 514.39
94250 4819000 515.6
94275 4819000 517.29
94300 4819000 517.24
94325 4819000 515.67
94350 4819000 514.55
94375 4819000 513.43
94400 4819000 511.83
94425 4819000 510.7
94450 4819000 510.54
94475 4819000 508.69
94500 4819000 507.48
94525 4819000 506.3
94550 4819000 506.49
94575 4819000 506.95
94600 4819000 504.34
94625 4819000 503.84
94650 4819000 505.58
94675 4819000 506.7
94700 4819000 507.76
94725 4819000 508.55
94750 4819000 508.54
94775 4819000 507.92
94800 4819000 506.65
